%YAML:1.0
---

######################################################
# 		     通用参数
######################################################

#PTZ_CAMERA_X - 相机与云台的 X 轴偏移(左负右正)
#PTZ_CAMERA_Y - 相机与云台的 Y 轴偏移(上负下正)
#PTZ_CAMERA_Z - 相机与云台的 Z 轴偏移(前正后负)
#- 单位 mm
#- 枪管与相机 相机作为参考点
pt3_ptz2camera: [0,0,0]

#步兵能量机关打击模型参数 单位 mm
#h_buff         - 能量机关中心高度 单项赛：2386 对抗赛：2296
#r_buff         - 能量机关半径
#PLATFORM_H     - 狙击点高度
#h_car          - 枪管离机器人底面高度
#dist_buff      - 目标的水平直线距离 单项赛：6956 对抗赛：7100
h_buff: 2296
r_buff: 800
dist_buff: 7100
h_car: 350
h_platform: 850

#内参矩阵
mat_camera: !!opencv-matrix
   rows: 3
   cols: 3
   dt: d
   data: [3626.5098590324505,  0.,  689.1283950373454,
           0.,  3626.285156056285,  582.7004766963166,
            0.,  0.,  1.]
            
#畸变参数矩阵，k1,k2,k3,p1,p2。一定注意是k1,k2,k3,p1,p2!!!和ROS标出来的k1,k2,p1,p2,k3不同！！！
mat_coeffs_distortion: !!opencv-matrix
   rows: 1
   cols: 5
   dt: d
   data:  [-0.04251601401350153, 0.963321415304225, 0., -0.0009602427973179668, -0.006641239457517189]

#x,y,z坐标偏移量(相机至枪管),单位m
xyz_offset: [0,-0.05,0]

#yaw,pitch角度偏移量,单位度
angle_offset: [-1.5, -1.75]

#陀螺仪到相机的变换矩阵 R_c = T_ci * R_i
T_ci: [  0.02617095,   0.99945437,  -0.02015029,  -0.00043464,
     0.1181205,   -0.02310774,  -0.99273037,   0.00326701,
    -0.99265433,  0.02360054, -0.1186608,  -0.00323944,
    0,          0,          0,          1        ]
    
#相机到陀螺仪的变换矩阵 R_i = T_ic * R_c
T_ic: [ 0.02617095,   0.1181205,   -0.99265433, -0.00359017,
    0.99945437,  -0.02310774,   0.02360054,  0.00058635,
    -0.02015029, -0.99273037,  -0.1186608,   0.00285011,
    0,          0,          0,         1       ]
    
#陀螺仪至云台转轴中心平移向量 R_g = R_i - T_iw
T_iw: [-0.03, -0.05, -0.02]
